Th 1:
175.418
175.402
175.371
175.406
175.515
170.782
175.361
175.291
175.411
175.439
168.796
175.361
167.166
175.312
175.431
175.338
175.373
167.174
172.119
175.319
175.383
175.325
175.317
175.371
175.45
175.344
175.376
175.348
175.406
175.422
===================
Th 2:
84.4578
87.8974
84.4908
84.4693
88.502
88.5424
87.8351
83.7237
84.5345
88.5141
88.658
88.6511
88.5218
83.7518
84.5405
84.316
84.484
88.6872
84.5448
87.8591
88.5407
83.7822
84.4916
88.6579
84.5487
88.5569
84.5733
83.8161
88.6045
88.615
===================
Th 4:
42.2548
42.2553
43.4483
44.3236
42.304
42.2504
44.178
42.2812
42.2467
44.2983
44.3657
42.3123
44.3822
42.266
44.3745
44.3114
44.1196
44.2145
44.3244
42.3437
42.2815
42.1612
42.3342
42.2932
42.3004
42.339
44.9007
44.3382
42.2793
44.1694
===================
Th 8:
21.1872
22.1525
22.1919
22.1856
22.142
21.1907
28.3404
21.1867
22.1415
21.1803
22.1955
21.2016
21.1927
21.1763
21.1582
22.2088
21.1717
22.2245
22.1918
21.1744
21.206
21.1642
21.1773
21.1704
21.1352
21.1373
21.1769
21.154
21.1266
21.1612
===================
Th 16:
10.6099
10.6055
10.6074
11.0425
10.6059
10.6118
10.6076
10.6075
11.1185
11.1196
18.0127
10.6027
10.8974
10.601
11.1099
17.9901
10.6081
11.1116
10.6058
10.6105
17.9745
10.6159
10.608
10.61
11.2906
10.8954
10.6022
10.9196
14.2375
10.6108
===================
Th 32:
5.57834
5.35922
5.36619
5.36418
5.36863
5.36456
5.36516
5.36745
5.36691
5.32608
5.36858
5.32932
5.36342
5.3647
5.47713
5.36659
5.32692
5.32703
5.3267
7.06819
5.32924
5.47456
5.57984
5.36339
5.32305
5.5795
5.33423
5.36797
5.48413
5.3462
===================
Th 64:
4.7344
2.94107
3.03294
2.93957
4.73422
3.03775
2.95099
3.17952
3.03237
3.0587
3.03708
2.94297
4.73815
3.04505
2.93886
3.05883
3.04538
3.02776
2.96203
3.03246
2.93704
3.02464
4.7553
2.94194
2.95282
4.73462
3.31553
4.73758
2.9366
8.00107
===================
