Th 1:
11.7723
11.7675
11.8698
11.7756
11.7714
11.3516
11.783
12.23
11.7696
11.7606
11.7615
11.4896
11.7858
12.3219
12.0178
11.7694
11.509
11.767
11.2348
12.3318
11.2247
11.8389
11.8089
12.0471
11.7743
11.9329
11.7768
11.7738
11.7872
12.2851
===================
Th 2:
5.93381
5.67305
5.93445
5.94005
5.66934
5.67124
5.94041
5.6691
5.67143
5.93604
5.61957
5.93561
5.62174
5.70795
5.93933
5.89896
5.93595
5.61954
5.94432
5.94476
5.94184
5.89701
5.91073
5.90462
5.66804
5.93073
5.93469
5.65945
5.93383
5.6202
===================
Th 4:
2.84
2.96124
2.96084
2.84591
2.83379
2.97298
2.96172
2.83791
2.82763
2.83568
2.96413
2.96373
2.82722
2.83559
2.97244
2.84145
2.83722
2.96968
3.08795
2.97216
2.82719
2.97462
2.83503
2.83749
2.96113
2.83171
2.83636
2.82791
2.83614
2.83674
===================
Th 8:
1.41951
1.48909
1.42193
1.42152
1.42267
1.41985
1.48967
1.42125
1.4899
1.49144
1.42366
1.42131
1.49203
1.62153
1.48752
1.48944
1.4878
1.42177
1.48786
1.48945
1.42137
1.49024
1.48753
1.49184
1.42301
1.42422
1.42051
1.49247
1.49016
1.42236
===================
Th 16:
0.714233
0.713627
0.74831
0.747255
0.747423
0.714131
0.721845
0.716597
0.748875
0.722271
0.714022
0.741387
0.747921
0.714383
0.73
0.71427
0.723835
0.713839
0.748276
0.714298
0.713287
0.713779
0.747487
0.713568
0.76682
0.741496
0.714572
0.747523
0.715124
0.715283
===================
Th 32:
0.362693
0.363173
0.363052
0.363525
0.37416
0.37653
0.36272
0.377459
0.377458
0.360393
0.377124
0.377224
0.359809
0.362708
0.360465
0.37714
0.372229
1.32535
0.362881
0.360451
0.362974
0.362938
0.363818
0.363204
0.362949
0.363623
0.362969
0.376822
0.36022
0.377086
===================
Th 64:
0.208484
0.210355
0.210212
0.213755
0.210544
0.202151
0.210352
0.209187
0.21173
0.210927
0.203008
0.209869
0.204238
0.202884
0.20341
0.209396
0.210015
0.209418
0.217774
0.209952
0.209473
0.208536
0.210507
0.204091
0.227346
0.209772
0.209293
0.203378
0.203411
0.203013
===================
