Th 1:
99.5677
109.381
98.4445
109.203
109.19
109.191
109.525
109.152
109.178
109.57
98.1388
98.0271
109.088
109.435
109.303
97.9742
97.9531
109.375
98.1032
97.9127
109.197
98.0308
97.9448
109.101
109.315
97.941
109.166
109.329
109.158
98.0419
===================
Th 2:
50.368
51.7086
57.6073
51.8397
56.0583
57.5267
51.8722
57.6187
51.821
51.6378
51.7676
51.7828
50.4704
57.4665
50.3239
57.5815
51.6944
57.4577
57.4458
51.7999
51.6913
51.6759
57.6682
51.7487
51.8114
57.6391
56.1039
50.4483
51.6779
51.884
===================
Th 4:
31.0148
31.4285
28.1375
31.1453
27.9956
31.1331
31.1898
31.2467
27.997
27.5907
31.0814
31.1367
31.1213
31.0539
31.2263
31.1449
31.1047
30.3373
27.9632
28.1833
31.0305
31.0807
31.178
28.0031
28.0433
30.4465
31.1268
28.1151
31.0518
31.4145
===================
Th 8:
20.625
20.2225
20.5678
20.5084
20.7867
20.3113
20.4358
20.2278
20.9617
20.8744
19.9212
20.3816
20.3988
20.6283
20.4186
20.1729
20.1198
20.5224
20.1675
20.062
20.5633
20.1842
20.5974
20.3273
20.3365
20.3601
20.1297
20.1819
20.8457
20.0531
===================
Th 16:
24.1327
23.8571
23.8145
23.7817
23.4387
23.6741
23.8342
23.7536
23.8029
23.827
23.7354
23.6506
23.7612
23.7628
23.8219
23.8927
23.7078
23.8881
23.8646
23.764
23.8988
23.7641
23.9237
24.0286
23.796
23.7626
23.6831
23.6721
23.8756
24.0266
===================
Th 32:
31.3708
31.5357
31.5215
31.8456
31.5033
31.4808
31.4379
31.4346
31.2081
31.4671
31.4659
31.5043
31.6597
31.5492
31.497
31.1838
31.4995
31.5149
31.4057
31.7322
31.2679
31.4134
31.6106
31.5758
31.9159
31.5067
31.6706
31.5169
31.3181
31.6462
===================
Th 64:
30.7724
31.1443
30.7706
31.0877
30.9303
30.7552
30.9532
30.8819
30.8204
31.3434
30.7051
30.9952
30.7982
30.8235
30.6755
31.1197
30.7961
30.8497
30.9664
31.1512
30.7151
30.8458
30.9066
31.0432
30.7106
30.829
30.7366
31.0274
31.0934
30.7396
===================
