Th 1:
18.1007
18.0146
18.3235
18.0295
18.7009
17.995
18.5081
18.5003
18.0129
17.9498
19.9609
17.9704
18.5059
17.9083
18.0755
18.3852
18.4697
18.0218
17.9623
18.0768
18.3104
18.0463
18.286
18.2946
18.3884
18.218
18.4923
18.3929
18.4084
18.3357
===================
Th 2:
13.7369
16.0835
13.6975
16.0209
13.7628
16.1432
13.6982
15.982
13.7909
16.0602
13.783
16.1621
13.7631
16.0541
13.7663
16.123
13.7273
16.1444
13.7081
16.6171
13.7186
16.1899
14.8696
16.0771
13.7288
16.1302
14.1266
16.1656
13.7141
16.2254
===================
Th 4:
12.512
13.1223
12.3798
13.0509
12.566
13.051
12.5727
12.9767
12.3959
13.089
12.6027
12.8603
12.7497
13.0091
12.5968
13.2433
13.2019
12.9239
12.2228
13.0779
12.6048
13.0084
12.3803
12.7737
12.2109
12.7493
12.9385
12.769
12.2249
13.3723
===================
Th 8:
15.9804
15.9289
15.9776
15.5898
15.3998
15.5073
15.5098
15.6148
15.82
16.217
15.839
15.967
15.6557
15.665
15.4607
15.9096
15.6823
15.7494
15.5907
15.7572
15.6685
15.888
15.6831
15.581
15.9049
15.3657
15.8209
15.7113
15.5171
15.7775
===================
Th 16:
18.1098
17.872
18.1142
17.9796
17.9532
18.1261
18.0525
17.6562
17.9589
18.4728
18.0991
17.7848
17.8625
17.933
18.0451
18.3417
18.067
17.7637
17.696
17.7629
17.8476
17.699
17.8395
17.8255
17.7681
17.9099
17.7414
18.2005
18.1599
17.9188
===================
Th 32:
22.8308
22.9045
22.8622
22.8932
22.6619
22.7232
22.7774
22.8043
22.6866
22.6888
22.7344
22.5471
22.711
22.7576
22.5805
22.6275
22.552
22.5502
22.7918
22.6343
22.6382
22.7547
22.7665
22.8762
22.6808
22.8382
22.5804
22.7112
22.6673
22.6166
===================
Th 64:
23.3696
23.4335
23.2341
23.4859
23.5318
23.4881
23.3609
23.4256
23.4176
23.5037
23.3276
23.3945
23.4248
23.2931
23.2057
23.3341
23.2852
23.2202
23.2665
23.6273
23.5211
23.7099
23.6176
23.5356
23.4088
23.2957
23.3044
23.2699
23.293
23.2732
===================
